44444444444444444444444444444444444444444444444444444444444444444444444444444444444444444444444444444444444444444444444444444444444444444444444444444444444444444444444444444444444444444444444444444444444444444444444444444444444444444444444444444444444444444444444444444444444444444444444444444444444444444444444444444444444444444444444444444444444444444444444444444444444444444444444444444444444444444444444444444444444444444444444444444444444444444444444444444444444444444444444444444444444444444444444444444444444444444444444444444444444444444444444444444444444444444444444444444444444444444444444444444444444444444444444444444444444444444
                  1                                  1                                  1                                  1                                  1                                  1                                  1       3
                  1                                  1                                  1                                  1                                  1                                  1                                  1       3
                  1                                  1                                  1                                  1                                  1                                  1                                  1       3
                  1                                  1                                  1                                  1                                  1                                  1                                  1       3
                  1                                  1                                  1                                  1                                  1                                  1                                  1       3
                                  2                                  2                                  2                                  2                                  2                                  2                          3
                                  2                                  2                                  2                                  2                                  2                                  2                          3
                                  2                                  2                                  2                                  2                                  2                                  2                          3
                                  2                                  2                                  2                                  2                                  2                                  2                          3
                                  2                                  2                                  2                                  2                                  2                                  2                          3
44444444444444444444444444444444444444444444444444444444444444444444444444444444444444444444444444444444444444444444444444444444444444444444444444444444444444444444444444444444444444444444444444444444444444444444444444444444444444444444444444444444444444444444444444444444444444444444444444444444444444444444444444444444444444444444444444444444444444444444444444444444444444444444444444444444444444444444444444444444444444444444444444444444444444444444444444444444444444444444444444444444444444444444444444444444444444444444444444444444444444444444444444444444444444444444444444444444444444444444444444444444444444444444444444444444444444444